128,256,512,1024,2048,4096,8192,16384,32768
Insertion sort
Time for each length and experiment
0.000010,0.000038,0.000158,0.000616,0.002380,0.009745,0.051362,0.153534,0.666330
0.000001,0.000001,0.000002,0.000004,0.000008,0.000015,0.000029,0.000061,0.000115
0.000021,0.000102,0.000315,0.001244,0.004761,0.019446,0.075507,0.345890,1.288197
0.000006,0.000023,0.000084,0.000321,0.001351,0.005157,0.020158,0.077611,0.324895
Comp for each length and experiment
7057,31879,135769,514297,2139255,8386697,33644127,135371677,536173055
127,255,511,1023,2047,4095,8191,16383,32767
16383,65535,262143,1048575,4194303,16777215,67108863,268435455,1073741823
3545,16707,66129,267301,1061399,4209805,16630527,66138353,268049061

Selection sort
Time for each length and experiment
0.000024,0.000082,0.000369,0.001355,0.005035,0.019192,0.070843,0.278676,1.039873
0.000019,0.000071,0.000276,0.001206,0.004552,0.017709,0.071008,0.287641,1.138539
0.000025,0.000083,0.000324,0.001358,0.005171,0.020414,0.082379,0.330037,1.345582
0.000022,0.000074,0.000286,0.001174,0.004491,0.017756,0.071069,0.286898,1.140303
Comp for each length and experiment
8670,33899,133633,529969,2110349,8417484,33620547,134355716,537174782
8255,32895,131327,524799,2098175,8390655,33558527,134225919,536887295
12351,49279,196863,786943,3146751,12584959,50335743,201334783,805322751
8320,33039,131570,525331,2099182,8392686,33562601,134234230,536903683

Shell sort
Time for each length and experiment
0.000013,0.000024,0.000071,0.000172,0.000360,0.000877,0.002129,0.005032,0.016302
0.000004,0.000008,0.000014,0.000032,0.000068,0.000147,0.000346,0.001000,0.001907
0.000007,0.000012,0.000026,0.000056,0.000125,0.000274,0.000594,0.001190,0.002570
0.000006,0.000011,0.000025,0.000052,0.000114,0.000260,0.000562,0.001189,0.002167
Comp for each length and experiment
1802,5437,18572,40971,116640,328141,868872,2153339,7603782,
776,1801,4106,9227,20492,45069,98318,213007,458768
1672,3849,8714,19467,43020,94221,204814,442383,950288
954,2281,5184,11369,25358,63377,121356,262787,575032

Merge sort
Time for each length and experiment
0.000011,0.000025,0.000049,0.000116,0.000244,0.000585,0.001072,0.002310,0.005107
0.000007,0.000015,0.000031,0.000066,0.000141,0.000301,0.000669,0.001526,0.002959
0.000008,0.000016,0.000032,0.000068,0.000146,0.000309,0.000688,0.001468,0.003194
0.000011,0.000020,0.000041,0.000085,0.000179,0.000372,0.000776,0.001633,0.003390
Comp for each length and experiment
16316,54018,139674,331554,756520,1687874,3714570,8095148,17511144,
3504546,3510690,3524514,3555234,3622818,3770274,4089762,4777890,6252450
6255138,6261282,6275106,6305826,6373410,6520866,6840354,7528482,9003042
9006094,9013116,9028734,9063972,9140966,9309456,9675236,10465790,12159600